File: `/home/bill/.bash_history'
Size: 600         Blocks: 8          IO Block: 4096   regular file
Device: 801h/2049d  Inode: 327691      Links: 1
Access: (0600/-rw-------)  Uid: ( 1001/    bill)   Gid: ( 1001/    bill)
Access: 2020-11-17 17:14:43.000000000 -0500
Modify: 2020-11-13 08:41:46.000000000 -0500
Change: 2020-11-13 08:41:46.000000000 -0500
